     -2.61196       5.3834930      9.96630
     -2.58447       5.3538772      9.96055
     -2.55698       5.3239490      9.95480
     -2.52949       5.2937894      9.94901
     -2.50199       5.2633398      9.94321
     -2.47450       5.2326105      9.93738
     -2.44701       5.2015837      9.93155
     -2.41952       5.1702758      9.92569
     -2.39203       5.1387024      9.91980
     -2.36454       5.1068465      9.91388
     -2.33705       5.0747069      9.90794
     -2.30955       5.0422594      9.90197
     -2.28206       5.0095145      9.89598
     -2.25457       4.9764587      9.88996
     -2.22708       4.9430803      9.88392
     -2.19959       4.9093672      9.87787
     -2.17210       4.8753436      9.87179
     -2.14461       4.8410257      9.86567
     -2.11711       4.8063871      9.85952
     -2.08962       4.7714228      9.85333
     -2.06213       4.7361153      9.84712
     -2.03464       4.7004601      9.84089
     -2.00715       4.6644433      9.83463
     -1.97966       4.6280569      9.82835
     -1.95217       4.5913147      9.82204
     -1.92467       4.5542430      9.81568
     -1.89718       4.5168211      9.80928
     -1.86969       4.4790333      9.80285
     -1.84220       4.4408591      9.79638
     -1.81471       4.4022954      9.78989
     -1.78722       4.3633295      9.78336
     -1.75973       4.3239665      9.77680
     -1.73223       4.2842195      9.77020
     -1.70474       4.2441170      9.76353
     -1.67725       4.2036037      9.75682
     -1.64976       4.1626872      9.75006
     -1.62227       4.1213267      9.74326
     -1.59478       4.0795358      9.73642
     -1.56729       4.0373093      9.72953
     -1.53979       3.9946698      9.72258
     -1.51230       3.9516149      9.71556
     -1.48481       3.9081129      9.70848
     -1.45732       3.8641514      9.70135
     -1.42983       3.8197086      9.69415
     -1.40234       3.7747669      9.68691
     -1.37485       3.7293460      9.67960
     -1.34736       3.6834673      9.67220
     -1.31986       3.6371027      9.66472
     -1.29237       3.5902194      9.65718
     -1.26488       3.5427864      9.64956
     -1.23739       3.4948037      9.64188
     -1.20990       3.4462826      9.63411
     -1.18241       3.3972388      9.62624
     -1.15492       3.3476419      9.61828
     -1.12742       3.2974585      9.61022
     -1.09993       3.2466658      9.60207
     -1.07244       3.1952584      9.59382
     -1.04495       3.1432527      9.58546
     -1.01746       3.0906472      9.57696
    -0.989967       3.0374138      9.56834
    -0.962475       2.9835138      9.55959
    -0.934984       2.9289275      9.55071
    -0.907492       2.8736731      9.54167
    -0.880001       2.8177588      9.53246
    -0.852510       2.7611530      9.52306
    -0.825018       2.7038103      9.51348
    -0.797527       2.6457109      9.50371
    -0.770035       2.5868781      9.49371
    -0.742544       2.5273016      9.48346
    -0.715053       2.4669571      9.47294
    -0.687561       2.4058262      9.46211
    -0.660070       2.3439405      9.45093
    -0.632578       2.2813734      9.43931
    -0.605087       2.2182510      9.42711
    -0.577595       2.1552963      9.41384
    -0.550104       2.0939825      9.39849
    -0.522613       2.0356745      9.37988
    -0.495121       1.9818046      9.35646
    -0.467630       1.9315918      9.32762
    -0.440139       1.8813357      9.29452
    -0.412647       1.8292998      9.25735
    -0.385156       1.7765241      9.21427
    -0.357664       1.7248450      9.16215
    -0.330173       1.6760378      9.09698
    -0.302681       1.6285299      9.01722
    -0.275190       1.5713364      8.93171
    -0.247699       1.4891674      8.85659
    -0.220207       1.3773907      8.79929
    -0.192716       1.2388663      8.76003
    -0.165224       1.0782820      8.73708
    -0.137733      0.90119165      8.72758
    -0.110241      0.71377839      8.72747
   -0.0827501      0.52702975      8.72662
   -0.0552588      0.35495677      8.70944
   -0.0277672      0.18952481      8.68130
 -0.000275850     0.016735947      8.65515
    0.0272155     -0.17222359      8.64110
    0.0547068     -0.37113266      8.63492
    0.0821984     -0.57459039      8.63240
     0.109690     -0.77803990      8.62928
     0.137181     -0.97541434      8.61868
     0.164673      -1.1688410      8.60120
     0.192164      -1.3643661      8.58189
     0.219656      -1.5637395      8.56220
     0.247147      -1.7684017      8.54354
     0.274638      -1.9795671      8.52747
     0.302130      -2.1955232      8.51265
     0.329621      -2.4160339      8.49908
     0.357113      -2.6408767      8.48680
     0.384604      -2.8687794      8.47467
     0.412095      -3.0991213      8.46197
     0.439587      -3.3333410      8.45016
     0.467078      -3.5715535      8.43956
     0.494570      -3.8137828      8.43053
     0.522061      -4.0599479      8.42339
     0.549552      -4.3098840      8.41849
     0.577044      -4.5633159      8.41617
     0.604535      -4.8198865      8.41676
     0.632027      -5.0785997      8.41999
     0.659518      -5.3385757      8.42560
     0.687009      -5.5996634      8.43411
     0.714501      -5.8609758      8.44531
     0.741992      -6.1216906      8.45900
     0.769484      -6.3824673      8.47656
     0.796975      -6.6411906      8.49656
     0.824467      -6.8953274      8.51667
     0.851958      -7.1429227      8.53462
     0.879449      -7.3805907      8.54605
     0.906941      -7.6086817      8.54976
     0.934432      -7.8341915      8.55155
     0.961923      -8.0606163      8.55481
     0.989415      -8.2907549      8.56289
      1.01691      -8.5277647      8.58020
      1.04440      -8.7633947      8.59975
      1.07189      -8.9910113      8.61504
      1.09938      -9.2114081      8.62616
      1.12687      -9.4268867      8.63469
      1.15436      -9.6389045      8.64162
      1.18185      -9.8493652      8.64842
      1.20935      -10.061066      8.65740
      1.23684      -10.270805      8.66616
      1.26433      -10.478430      8.67454
      1.29182      -10.683763      8.68243
      1.31931      -10.886578      8.68967
      1.34680      -11.086594      8.69614
      1.37429      -11.283462      8.70171
      1.40179      -11.476783      8.70623
      1.42928      -11.666075      8.70955
      1.45677      -11.850796      8.71148
      1.48426      -12.031595      8.71232
      1.51175      -12.209098      8.71232
      1.53924      -12.383975      8.71172
      1.56673      -12.556922      8.71077
      1.59423      -12.728617      8.70972
      1.62172      -12.900605      8.70912
      1.64921      -13.073019      8.70906
      1.67670      -13.243974      8.70900
      1.70419      -13.413424      8.70894
      1.73168      -13.581311      8.70890
      1.75917      -13.747594      8.70888
      1.78667      -13.912220      8.70889
      1.81416      -14.075135      8.70894
      1.84165      -14.236286      8.70904
      1.86914      -14.395307      8.70912
      1.89663      -14.551719      8.70906
      1.92412      -14.706048      8.70900
      1.95161      -14.858281      8.70895
      1.97911      -15.008417      8.70890
      2.00660      -15.156459      8.70888
      2.03409      -15.302413      8.70889
      2.06158      -15.446285      8.70894
      2.08907      -15.588097      8.70903
      2.11656      -15.727856      8.70918
      2.14405      -15.865591      8.70939
      2.17155      -16.001318      8.70967
      2.19904      -16.135065      8.71003
      2.22653      -16.266850      8.71048
      2.25402      -16.396707      8.71102
      2.28151      -16.524670      8.71167
      2.30900      -16.650771      8.71244
      2.33649      -16.775043      8.71332
      2.36399      -16.897528      8.71434
      2.39148      -17.018273      8.71549
      2.41897      -17.137330      8.71679
      2.44646      -17.254753      8.71824
      2.47395      -17.370596      8.71986
      2.50144      -17.484928      8.72165
      2.52893      -17.597825      8.72362
      2.55643      -17.709352      8.72577
      2.58392      -17.819591      8.72813
      2.61141      -17.928717      8.73075
      2.63890      -18.036879      8.73369
      2.66639      -18.143814      8.73678
      2.69388      -18.249550      8.73996
      2.72137      -18.354129      8.74315
      2.74887      -18.457605      8.74629
      2.77636      -18.560034      8.74934
      2.80385      -18.661182      8.75197
      2.83134      -18.761208      8.75417
      2.85883      -18.860556      8.75623
      2.88632      -18.959387      8.75821
      2.91381      -19.057832      8.76020
      2.94131      -19.156007      8.76228
      2.96880      -19.254004      8.76453
      2.99629      -19.351913      8.76703
      3.02378      -19.449793      8.76986
      3.05127      -19.548020      8.77342
      3.07876      -19.646522      8.77771
      3.10625      -19.744844      8.78233
      3.13375      -19.842863      8.78718
      3.16124      -19.940464      8.79214
      3.18873      -20.037544      8.79710
      3.21622      -20.134008      8.80195
      3.24371      -20.229770      8.80658
      3.27120      -20.324754      8.81086
      3.29869      -20.418529      8.81431
      3.32619      -20.511174      8.81692
      3.35368      -20.603244      8.81920
      3.38117      -20.694886      8.82125
      3.40866      -20.786228      8.82318
      3.43615      -20.877394      8.82512
      3.46364      -20.968493      8.82717
      3.49113      -21.059619      8.82944
      3.51862      -21.150871      8.83206
      3.54612      -21.242410      8.83523
      3.57361      -21.334125      8.83888
      3.60110      -21.425815      8.84284
      3.62859      -21.517442      8.84709
      3.65608      -21.608964      8.85163
      3.68357      -21.700345      8.85644
      3.71106      -21.791548      8.86149
      3.73856      -21.882538      8.86678
      3.76605      -21.973281      8.87228
      3.79354      -22.063676      8.87791
      3.82103      -22.153758      8.88371
      3.84852      -22.243564      8.88973
      3.87601      -22.333025      8.89592
      3.90350      -22.422076      8.90221
      3.93100      -22.510662      8.90856
      3.95849      -22.598725      8.91491
      3.98598      -22.685733      8.92070
      4.01347      -22.772013      8.92622
      4.04096      -22.857908      8.93180
      4.06845      -22.943571      8.93761
      4.09594      -23.029140      8.94380
      4.12344      -23.114745      8.95053
      4.15093      -23.200498      8.95798
      4.17842      -23.286649      8.96643
      4.20591      -23.372746      8.97552
      4.23340      -23.458501      8.98497
      4.26089      -23.543646      8.99453
      4.28838      -23.627121      9.00311
      4.31588      -23.709619      9.01133
      4.34337      -23.795257      9.02345
      4.37086      -23.885651      9.04142
      4.39835      -23.976256      9.06095
      4.42584      -24.060953      9.07578
      4.45333      -24.142686      9.08860
      4.48082      -24.223295      9.10117
      4.50832      -24.304352      9.11509
      4.53581      -24.387858      9.13249
      4.56330      -24.473810      9.15360
      4.59079      -24.560301      9.17667
      4.61828      -24.646409      9.20083
      4.64577      -24.731277      9.22524
      4.67326      -24.801830      9.23640
      4.70076      -24.871021      9.24684
      4.72825      -24.947555      9.26546
      4.75574      -25.038728      9.30025
      4.78323      -25.155248      9.36305
      4.81072      -25.292213      9.45015
      4.83821      -25.416253      9.52829
      4.86570      -25.511388      9.58044
      4.89320      -25.590979      9.61895
      4.92069      -25.659993      9.64826
      4.94818      -25.720101      9.66966
      4.97567      -25.779513      9.69119
      5.00316      -25.846241      9.72099
      5.03065      -25.922818      9.76192
      5.05814      -26.009886      9.81497
      5.08564      -26.135952      9.90941
      5.11313      -26.325173      10.0707
      5.14062      -26.507529      10.2293
      5.16811      -26.608397      10.3092
      5.19560      -26.671466      10.3525
      5.22309      -26.751148      10.4134
      5.25058      -26.844169      10.4889
      5.27808      -26.933245      10.5616
      5.30557      -27.015200      10.6284
      5.33306      -27.087011      10.6859
      5.36055      -27.139096      10.7244
      5.38804      -27.202327      10.7747
      5.41553      -27.316325      10.8766
      5.44302      -27.444921      10.9944
      5.47051      -27.527300      11.0669
      5.49801      -27.574729      11.1051
      5.52550      -27.646418      11.1679
      5.55299      -27.758787      11.2721
      5.58048      -27.866853      11.3729
      5.60797      -27.933931      11.4332
      5.63546      -27.980333      11.4731
      5.66295      -28.017067      11.5037
      5.69045      -28.055072      11.5356
      5.71794      -28.107873      11.5827
      5.74543      -28.169095      11.6384
      5.77292      -28.230654      11.6947
      5.80041      -28.291075      11.7502
      5.82790      -28.351355      11.8059
      5.85539      -28.413826      11.8639
      5.88289      -28.471516      11.9175
      5.91038      -28.518267      11.9603
      5.93787      -28.556952      11.9951
      5.96536      -28.592116      12.0266
      5.99285      -28.623887      12.0548
      6.02034      -28.655779      12.0832
      6.04783      -28.691861      12.1159
      6.07533      -28.736482      12.1573
      6.10282      -28.796358      12.2141
      6.13031      -28.854556      12.2694
      6.15780      -28.890966      12.3030
      6.18529      -28.910272      12.3196
      6.21278      -28.923622      12.3302
      6.24027      -28.940534      12.3445
      6.26777      -28.972673      12.3740
      6.29526      -29.022145      12.4210
      6.32275      -29.070602      12.4670
      6.35024      -29.098975      12.4931
      6.37773      -29.115932      12.5078
      6.40522      -29.126309      12.5160
      6.43271      -29.134938      12.5224
      6.46021      -29.146634      12.5319
      6.48770      -29.166208      12.5493
      6.51519      -29.200388      12.5813
      6.54268      -29.249622      12.6285
      6.57017      -29.296835      12.6738
      6.59766      -29.329772      12.7049
      6.62515      -29.352729      12.7260
      6.65265      -29.367871      12.7394
      6.68014      -29.377357      12.7471
      6.70763      -29.383342      12.7513
      6.73512      -29.387980      12.7542
      6.76261      -29.395125      12.7596
      6.79010      -29.408265      12.7710
      6.81759      -29.421195      12.7822
      6.84509      -29.434007      12.7933
      6.87258      -29.446801      12.8044
      6.90007      -29.459666      12.8156
      6.92756      -29.472698      12.8270
      6.95505      -29.485989      12.8387
      6.98254      -29.499635      12.8508
      7.01003      -29.513864      12.8634
      7.03753      -29.529046      12.8770
      7.06502      -29.544537      12.8910
      7.09251      -29.560123      12.9050
      7.12000      -29.575587      12.9190
      7.14749      -29.590722      12.9327
      7.17498      -29.605258      12.9458
      7.20247      -29.618947      12.9580
      7.22997      -29.632116      12.9698
      7.25746      -29.644815      12.9810
      7.28495      -29.657094      12.9919
      7.31244      -29.669003      13.0025
      7.33993      -29.680590      13.0127
      7.36742      -29.691906      13.0227
      7.39491      -29.703001      13.0324
      7.42240      -29.713920      13.0420
      7.44990      -29.725077      13.0519
      7.47739      -29.736578      13.0621
      7.50488      -29.747896      13.0721
      7.53237      -29.758980      13.0819
      7.55986      -29.769791      13.0915
      7.58735      -29.780275      13.1007
      7.61484      -29.790390      13.1096
      7.64234      -29.800089      13.1181
      7.66983      -29.809326      13.1261
      7.69732      -29.817938      13.1335
      7.72481      -29.825819      13.1402
      7.75230      -29.833171      13.1464
      7.77979      -29.840087      13.1521
      7.80728      -29.846659      13.1575
      7.83478      -29.852980      13.1627
      7.86227      -29.859144      13.1677
      7.88976      -29.865241      13.1726
      7.91725      -29.871366      13.1776
      7.94474      -29.877613      13.1827
      7.97223      -29.884070      13.1880
      7.99972      -29.890974      13.1938
      8.02722      -29.898872      13.2005
      8.05471      -29.906961      13.2075
      8.08220      -29.915171      13.2146
      8.10969      -29.923433      13.2218
      8.13718      -29.931670      13.2289
      8.16467      -29.939812      13.2360
      8.19216      -29.947787      13.2429
      8.21966      -29.955528      13.2495
      8.24715      -29.962918      13.2559
      8.27464      -29.969767      13.2617
      8.30213      -29.976325      13.2672
      8.32962      -29.982625      13.2724
      8.35711      -29.988682      13.2774
      8.38461      -29.994522      13.2822
      8.41210      -30.000165      13.2869
      8.43959      -30.005639      13.2913
      8.46708      -30.010966      13.2956
      8.49457      -30.016166      13.2998
      8.52206      -30.021265      13.3039
      8.54955      -30.026286      13.3079
      8.57704      -30.031251      13.3118
      8.60454      -30.036185      13.3158
      8.63203      -30.041418      13.3200
      8.65952      -30.046805      13.3244
      8.68701      -30.052142      13.3288
      8.71450      -30.057425      13.3331
      8.74199      -30.062649      13.3373
      8.76949      -30.067809      13.3415
      8.79698      -30.072900      13.3456
      8.82447      -30.077916      13.3497
      8.85196      -30.082855      13.3536
      8.87945      -30.087710      13.3575
      8.90694      -30.092475      13.3613
      8.93443      -30.097151      13.3651
      8.96192      -30.101726      13.3687
      8.98942      -30.106199      13.3722
      9.01691      -30.110562      13.3756
      9.04440      -30.114815      13.3789
      9.07189      -30.118985      13.3822
      9.09938      -30.123041      13.3853
      9.12687      -30.126987      13.3883
      9.15436      -30.130824      13.3912
      9.18185      -30.134566      13.3940
      9.20935      -30.138221      13.3968
      9.23684      -30.141793      13.3994
      9.26433      -30.145292      13.4020
      9.29182      -30.148728      13.4045
      9.31931      -30.152107      13.4070
      9.34680      -30.155437      13.4094
      9.37430      -30.158726      13.4118
      9.40179      -30.161983      13.4141
      9.42928      -30.165215      13.4165
      9.45677      -30.168432      13.4188
      9.48426      -30.171650      13.4211
      9.51175      -30.175075      13.4236
      9.53924      -30.178469      13.4261
      9.56673      -30.181822      13.4286
      9.59423      -30.185121      13.4310
      9.62172      -30.188356      13.4333
      9.64921      -30.191515      13.4356
      9.67670      -30.194589      13.4378
      9.70419      -30.197566      13.4399
      9.73168      -30.200434      13.4419
      9.75918      -30.203166      13.4437
      9.78667      -30.205780      13.4455
      9.81416      -30.208281      13.4471
      9.84165      -30.210681      13.4486
      9.86914      -30.212991      13.4501
      9.89663      -30.215225      13.4514
      9.92412      -30.217388      13.4527
      9.95161      -30.219494      13.4539
      9.97911      -30.221553      13.4551
      10.0066      -30.223574      13.4563
      10.0341      -30.225570      13.4574
      10.0616      -30.227548      13.4585
      10.0891      -30.229523      13.4596
      10.1166      -30.231501      13.4607
      10.1441      -30.233496      13.4619
      10.1715      -30.235667      13.4632
      10.1990      -30.238077      13.4647
      10.2265      -30.240506      13.4663
      10.2540      -30.242940      13.4679
      10.2815      -30.245372      13.4695
      10.3090      -30.247789      13.4710
      10.3365      -30.250178      13.4725
      10.3640      -30.252528      13.4740
      10.3915      -30.254824      13.4755
      10.4190      -30.257060      13.4769
      10.4465      -30.259221      13.4782
      10.4740      -30.261298      13.4794
      10.5014      -30.263277      13.4805
      10.5289      -30.265148      13.4816
      10.5564      -30.266898      13.4825
      10.5839      -30.268514      13.4832
      10.6114      -30.269731      13.4836
      10.6389      -30.270714      13.4837
      10.6664      -30.271563      13.4838
      10.6939      -30.272306      13.4836
      10.7214      -30.272973      13.4835
      10.7489      -30.273595      13.4832
      10.7764      -30.274200      13.4830
      10.8038      -30.274818      13.4828
      10.8313      -30.275480      13.4826
      10.8588      -30.276213      13.4825
      10.8863      -30.277049      13.4825
      10.9138      -30.278018      13.4826
      10.9413      -30.279148      13.4829
      10.9688      -30.280469      13.4834
      10.9963      -30.282308      13.4844
      11.0238      -30.284347      13.4856
      11.0513      -30.286559      13.4869
      11.0788      -30.288932      13.4885
      11.1063      -30.291454      13.4901
      11.1337      -30.294111      13.4920
      11.1612      -30.296891      13.4939
      11.1887      -30.299781      13.4960
      11.2162      -30.302770      13.4981
      11.2437      -30.305843      13.5003
      11.2712      -30.308988      13.5027
      11.2987      -30.312194      13.5050
      11.3262      -30.315446      13.5075
      11.3537      -30.318733      13.5099
      11.3812      -30.322042      13.5124
      11.4087      -30.325361      13.5149
      11.4361      -30.328675      13.5174
      11.4636      -30.331975      13.5199
      11.4911      -30.335246      13.5224
      11.5186      -30.338476      13.5248
      11.5461      -30.341667      13.5272
      11.5736      -30.344884      13.5296
      11.6011      -30.348121      13.5320
      11.6286      -30.351366      13.5344
      11.6561      -30.354608      13.5369
      11.6836      -30.357836      13.5393
      11.7111      -30.361041      13.5417
      11.7386      -30.364210      13.5441
      11.7660      -30.367333      13.5464
      11.7935      -30.370399      13.5487
      11.8210      -30.373398      13.5509
      11.8485      -30.376319      13.5530
      11.8760      -30.379150      13.5551
      11.9035      -30.381881      13.5570
      11.9310      -30.384498      13.5588
      11.9585      -30.386994      13.5606
      11.9860      -30.389358      13.5621
      12.0135      -30.391578      13.5636
      12.0410      -30.393644      13.5649
      12.0685      -30.395543      13.5660
      12.0959      -30.397189      13.5669
      12.1234      -30.398605      13.5675
      12.1509      -30.399865      13.5680
      12.1784      -30.400983      13.5683
      12.2059      -30.401973      13.5685
      12.2334      -30.402850      13.5686
      12.2609      -30.403626      13.5686
      12.2884      -30.404317      13.5686
      12.3159      -30.404937      13.5684
      12.3434      -30.405501      13.5682
      12.3709      -30.406022      13.5679
      12.3984      -30.406514      13.5676
      12.4258      -30.406991      13.5673
      12.4533      -30.407469      13.5670
      12.4808      -30.407963      13.5668
      12.5083      -30.408484      13.5665
      12.5358      -30.409165      13.5664
      12.5633      -30.409939      13.5664
      12.5908      -30.410714      13.5664
      12.6183      -30.411488      13.5664
      12.6458      -30.412262      13.5664
      12.6733      -30.413038      13.5664
      12.7008      -30.413813      13.5664
      12.7282      -30.414590      13.5664
      12.7557      -30.415367      13.5664
      12.7832      -30.416148      13.5664
      12.8107      -30.416929      13.5664
      12.8382      -30.417712      13.5664
      12.8657      -30.418496      13.5664
      12.8932      -30.419277      13.5664
      12.9207      -30.419995      13.5663
      12.9482      -30.420702      13.5663
      12.9757      -30.421407      13.5662
      13.0032      -30.422108      13.5661
      13.0307      -30.422808      13.5660
      13.0581      -30.423512      13.5660
      13.0856      -30.424220      13.5659
      13.1131      -30.424939      13.5658
      13.1406      -30.425670      13.5658
      13.1681      -30.426417      13.5658
      13.1956      -30.427180      13.5657
      13.2231      -30.427965      13.5658
      13.2506      -30.428773      13.5658
      13.2781      -30.429609      13.5658
      13.3056      -30.430473      13.5659
      13.3331      -30.431370      13.5660
      13.3605      -30.432303      13.5662
      13.3880      -30.433274      13.5664
      13.4155      -30.434288      13.5666
      13.4430      -30.435346      13.5669
      13.4705      -30.436542      13.5673
      13.4980      -30.437825      13.5678
      13.5255      -30.439161      13.5684
      13.5530      -30.440544      13.5690
      13.5805      -30.441972      13.5697
      13.6080      -30.443439      13.5703
      13.6355      -30.444943      13.5711
      13.6630      -30.446479      13.5718
      13.6904      -30.448042      13.5726
      13.7179      -30.449627      13.5734
      13.7454      -30.451233      13.5743
      13.7729      -30.452855      13.5751
      13.8004      -30.454487      13.5760
      13.8279      -30.456128      13.5769
      13.8554      -30.457769      13.5777
      13.8829      -30.459410      13.5786
      13.9104      -30.461049      13.5795
      13.9379      -30.462674      13.5803
      13.9654      -30.464288      13.5812
      13.9929      -30.465886      13.5820
      14.0203      -30.467460      13.5828
      14.0478      -30.469009      13.5836
      14.0753      -30.470530      13.5844
      14.1028      -30.472014      13.5851
      14.1303      -30.473462      13.5858
      14.1578      -30.474869      13.5864
      14.1853      -30.476230      13.5870
      14.2128      -30.477541      13.5876
      14.2403      -30.478803      13.5881
      14.2678      -30.480017      13.5885
      14.2953      -30.481185      13.5889
      14.3228      -30.482309      13.5893
      14.3502      -30.483387      13.5896
      14.3777      -30.484425      13.5899
      14.4052      -30.485422      13.5901
      14.4327      -30.486380      13.5903
      14.4602      -30.487301      13.5905
      14.4877      -30.488186      13.5906
      14.5152      -30.489039      13.5907
      14.5427      -30.489858      13.5908
      14.5702      -30.490647      13.5908
      14.5977      -30.491405      13.5908
      14.6252      -30.492134      13.5908
      14.6526      -30.492838      13.5907
      14.6801      -30.493516      13.5906
      14.7076      -30.494171      13.5905
      14.7351      -30.494803      13.5904
      14.7626      -30.495414      13.5902
      14.7901      -30.496006      13.5901
      14.8176      -30.496581      13.5899
      14.8451      -30.497138      13.5897
      14.8726      -30.497682      13.5895
      14.9001      -30.498212      13.5892
      14.9276      -30.498732      13.5890
      14.9551      -30.499241      13.5887
      14.9825      -30.499742      13.5885
      15.0100      -30.500234      13.5882
      15.0375      -30.500722      13.5879
      15.0650      -30.501205      13.5877
      15.0925      -30.501685      13.5874
      15.1200      -30.502163      13.5871
